Ambrose Hundal - Lab 4
InsertionSort Recursion method: 
0 45434
1 22
2 344
3 124
4 12
*****************************
0 22
1 45434
2 344
3 124
4 12
*****************************
0 22
1 344
2 45434
3 124
4 12
*****************************
0 22
1 124
2 344
3 45434
4 12
*****************************
0 12
1 22
2 124
3 344
4 45434
*****************************

Quicksort Recursion method: 
0 45434
1 22
2 344
3 124
4 12
*****************************
0 12
1 22
2 124
3 344
4 45434
*****************************
0 12
1 22
2 124
3 344
4 45434
*****************************
0 12
1 22
2 124
3 344
4 45434
*****************************
0 12
1 22
2 124
3 344
4 45434
*****************************
0 12
1 22
2 124
3 344
4 45434
*****************************
0 12
1 22
2 124
3 344
4 45434
*****************************
0 12
1 22
2 124
3 344
4 45434
*****************************
0 12
1 22
2 124
3 344
4 45434
*****************************
0 12
1 22
2 124
3 344
4 45434
*****************************

Merge Recursion method: 
0 45434
1 22
2 344
3 124
4 12
*****************************
0 12
1 22
2 124
3 344
4 45434
*****************************
0 12
1 22
2 124
3 344
4 45434
*****************************
0 12
1 22
2 124
3 344
4 45434
*****************************
0 12
1 22
2 124
3 344
4 45434
*****************************
0 12
1 22
2 124
3 344
4 45434
*****************************
0 12
1 22
2 124
3 344
4 45434
*****************************
0 12
1 22
2 124
3 344
4 45434
*****************************
0 12
1 22
2 124
3 344
4 45434
*****************************
0 12
1 22
2 124
3 344
4 45434
*****************************

